[gd_scene load_steps=2 format=3 uid="uid://bm0r1orqsnkcg"]

[ext_resource type="PackedScene" uid="uid://bmlqq80sue4nr" path="res://Assets/Robots/mech.glb" id="1_pv7ss"]

[node name="PreviewMech" instance=ExtResource("1_pv7ss")]

[node name="Skeleton3D" parent="Armature" index="0"]
bones/0/position = Vector3(2.2279e-08, -1.69572, -0.517284)
bones/0/rotation = Quaternion(-0.177042, 1.17326e-07, -2.11051e-08, 0.984203)
bones/1/rotation = Quaternion(0.449541, -1.58686e-15, 1.03893e-07, 0.893259)
bones/4/position = Vector3(-1.196, 2.05679, -0.107921)
bones/4/rotation = Quaternion(-0.200459, -0.089942, 0.775569, 0.591793)
bones/5/rotation = Quaternion(0.377584, 0.253044, 0.476399, 0.752624)
bones/12/position = Vector3(1.10883, 2.05679, -0.10792)
bones/12/rotation = Quaternion(-0.368301, 0.165088, -0.796196, 0.450746)
bones/13/rotation = Quaternion(0.250459, -0.418296, -0.678231, 0.54982)
bones/22/position = Vector3(-1.27775, -2.47797, -0.459807)
bones/22/rotation = Quaternion(-0.335572, -0.0395525, 0.91122, 0.235595)
bones/23/rotation = Quaternion(-0.357615, -0.0156875, 0.0808701, 0.930229)
bones/24/rotation = Quaternion(0.884403, 0.0519004, 0.141562, 0.4417)
bones/28/position = Vector3(1.18488, -2.47797, -0.459807)
bones/28/rotation = Quaternion(0.207997, 0.396138, 0.890369, -0.0839873)
bones/29/rotation = Quaternion(-0.588029, 0.115991, 0.0103814, 0.800412)
bones/30/rotation = Quaternion(0.843016, -0.00563821, 0.0301455, 0.537013)

[node name="Mech1_Head" parent="Armature/Skeleton3D" index="0"]
transform = Transform3D(1.70708e-07, -6.8185e-08, 1.07409, 0.554656, 1.15461, -2.63974e-08, -1.15461, 0.554656, 1.58097e-07, 0.0535915, 6.07775, 0.862032)
bone_idx = 3

[node name="Mech2_Head" parent="Armature/Skeleton3D" index="1"]
transform = Transform3D(-0.0399619, -0.484301, -0.229216, 0.151297, 0.0310013, -0.30483, 0.0935425, -0.257038, 0.395114, -1.196, 6.20865, 1.4979)
bone_idx = 4

[node name="Drill_R" parent="Armature/Skeleton3D" index="2"]
transform = Transform3D(-0.25104, -0.0563203, 0.966337, 0.166648, -0.985915, -0.0141687, 0.953524, 0.157481, 0.256889, -3.13253, 2.68074, 2.42568)
bone_name = "Arm_R"
bone_idx = 6

[node name="Mech1_Arm_R" parent="Armature/Skeleton3D" index="3"]
transform = Transform3D(0.748024, 0.835723, 1.23639, 0.148832, 1.33435, -0.991975, -1.48491, 0.554738, 0.523409, -12.1075, -11.9936, -8.99052)
bone_name = "Drill_R"
bone_idx = 7

[node name="Mech2_Arm_R" parent="Armature/Skeleton3D" index="4"]
transform = Transform3D(0.4481, 0.656589, 0.740656, 0.0891572, 1.04833, -0.594238, -0.889526, 0.435832, 0.313545, -3.04813, -1.52426, -3.37749)
bone_name = "Mech1.Arm_R"
bone_idx = 8

[node name="NeedleCannon_R" parent="Armature/Skeleton3D" index="5"]
transform = Transform3D(0.4481, 0.500635, 0.740656, 0.0891573, 0.799333, -0.594238, -0.889527, 0.332313, 0.313545, -3.59056, -1.07237, -3.6054)
bone_name = "Mech2.Arm_R"
bone_idx = 9

[node name="PlasmaCannon_L" parent="Armature/Skeleton3D" index="6"]
transform = Transform3D(0.4481, 0.656589, 0.740656, 0.0891573, 1.04833, -0.594238, -0.889527, 0.435832, 0.313545, -12.1075, -11.9936, -8.99052)
bone_name = "NeedleCannon_R"
bone_idx = 10

[node name="Mech1_Shoulder_R" parent="Armature/Skeleton3D" index="7"]
transform = Transform3D(2.39308, 0.641375, 0.743614, 0.476146, 1.02404, -0.596611, -4.75053, 0.425733, 0.314797, -12.1075, -11.9936, -8.99052)
bone_name = "PlasmaCannon_L"
bone_idx = 11

[node name="Mech2_Shoulder_R" parent="Armature/Skeleton3D" index="8"]
transform = Transform3D(0.478731, 1.14406, -0.0993417, -0.0675282, -0.0999767, -0.994801, -0.875361, 0.633395, 0.0224125, -3.33851, -1.19789, -3.49105)
bone_idx = 13

[node name="Drill_L" parent="Armature/Skeleton3D" index="9"]
transform = Transform3D(-0.168401, 0.985719, -1.4291e-07, -0.826378, -0.141179, -0.54513, -0.537345, -0.0918003, 0.838351, 1.10883, 3.49986, -0.596369)
bone_name = "Shoulder_L"
bone_idx = 14

[node name="Mech1_Arm_L" parent="Armature/Skeleton3D" index="10"]
transform = Transform3D(-0.945818, 0.253222, 0.203243, -0.229076, -0.963999, 0.135017, 0.230115, 0.0811438, 0.969775, 4.73781, 2.9801, -0.934337)
bone_name = "Arm_L"
bone_idx = 15

[node name="Mech2_Arm_L" parent="Armature/Skeleton3D" index="11"]
transform = Transform3D(1.66932, 2.08616e-07, 8.9407e-08, -2.45869e-07, 1.39948, -0.909997, -3.27826e-07, 0.909997, 1.39948, 0, -12.9795, -13.1092)
bone_name = "Drill_L"
bone_idx = 16

[node name="NeedleCannon_L" parent="Armature/Skeleton3D" index="12"]
transform = Transform3D(1, 1.78814e-07, -4.47035e-08, -1.65775e-07, 1.09951, -0.545129, -1.63913e-07, 0.714943, 0.838352, 1.90735e-06, -1.82341, -3.17302)
bone_name = "Mech1.Arm_L"
bone_idx = 17

[node name="PlasmaCannon_R" parent="Armature/Skeleton3D" index="13"]
transform = Transform3D(1, 1.19209e-07, -1.49012e-08, -1.65775e-07, 0.838352, -0.545129, -1.93715e-07, 0.545129, 0.838352, -3.86238e-05, -1.4074, -3.78728)
bone_name = "Mech2.Arm_L"
bone_idx = 18

[node name="Mech1_Shoulder_L" parent="Armature/Skeleton3D" index="14"]
transform = Transform3D(1, 2.08616e-07, 0, -1.84402e-07, 1.09951, -0.545129, -1.63913e-07, 0.714943, 0.838352, 0, -12.9795, -13.1092)
bone_name = "NeedleCannon_L"
bone_idx = 19

[node name="Mech2_Shoulder_L" parent="Armature/Skeleton3D" index="15"]
transform = Transform3D(0.561172, -0.941021, 0.131601, 0.807384, 0.681694, 0.0606418, -0.182255, 0.122431, 0.673847, -1.11858, 5.15626, -0.0677772)
bone_idx = 22

[node name="Mech1_BackFire" parent="Armature/Skeleton3D" index="16"]
transform = Transform3D(0.289157, -0.0408148, -0.0255105, 0.0443109, 0.286402, 0.0440354, 0.0187932, -0.047294, 0.288684, -4.06068e-05, 3.53307, -0.574796)
bone_idx = 23

[node name="Mech1_UpperTorso" parent="Armature/Skeleton3D" index="17"]
transform = Transform3D(5.34051, 2.23517e-07, -1.49012e-08, -1.20699e-06, 1.07403, -0.547306, -5.96046e-07, 0.698377, 0.8417, 0, -12.9795, -13.1092)
bone_name = "PlasmaCannon_R"
bone_idx = 20

[node name="Mech2_UpperTorso" parent="Armature/Skeleton3D" index="18"]
transform = Transform3D(1, 5.87028e-09, -2.95458e-09, -6.53201e-09, 0.838352, -0.545129, -7.23119e-10, 0.545129, 0.838352, -4.06073e-05, 3.46623, -0.618255)
bone_idx = 25

[node name="Mech1_Torso" parent="Armature/Skeleton3D" index="19"]
transform = Transform3D(1, 1.49015e-08, -2.57843e-08, -2.55584e-08, 1.09951, -0.545129, 1.35665e-08, 0.714943, 0.838352, 0, -1.67968, -3.20321)
bone_name = "Mech1.Shoulder_L"
bone_idx = 21

[node name="Mech2_Torso" parent="Armature/Skeleton3D" index="20"]
transform = Transform3D(1, 1.63425e-13, -2.41585e-13, -8.52651e-14, 0.937312, 0.348491, 2.55795e-13, -0.348491, 0.937312, 2.22772e-08, -16.1542, 3.25075)
bone_idx = 27

[node name="Mech1_Foot_R" parent="Armature/Skeleton3D" index="21"]
transform = Transform3D(1, 5.87028e-09, -2.95458e-09, -6.53201e-09, 0.838352, -0.545129, -7.23119e-10, 0.545129, 0.838352, -4.06073e-05, 3.46623, -0.618255)
bone_name = "Mech2.UpperTorso"
bone_idx = 25

[node name="Mech2_Foot_R" parent="Armature/Skeleton3D" index="22"]
transform = Transform3D(0.956084, -0.119136, 0.267786, 0.125017, 0.992143, -0.00495416, -0.265092, 0.0382146, 0.963466, 6.77841, -13.5507, 5.45811)
bone_idx = 32

[node name="Mech1_Legs_R" parent="Armature/Skeleton3D" index="23"]
transform = Transform3D(1, 1.90425e-12, -2.55795e-13, -7.10543e-14, 8.27488, 0.567074, 2.70006e-13, -4.94486, 0.948959, 2.22796e-08, 1.81418, -1.78366)
bone_name = "Mech1.Torso"
bone_idx = 26

[node name="Mech2_Legs_R" parent="Armature/Skeleton3D" index="24"]
transform = Transform3D(0.966776, -0.142954, 0.254373, 0.0954881, 3.12476, -0.195541, -0.237119, 0.675499, 0.95838, 4.6308, 1.5418, 3.2384)
bone_idx = 34

[node name="Mech1_Thigh_R" parent="Armature/Skeleton3D" index="25"]
transform = Transform3D(1, 1.63425e-13, -2.41585e-13, -8.52651e-14, 0.937312, 0.348491, 2.55795e-13, -0.348491, 0.937312, 2.22772e-08, -16.1542, 3.25075)
bone_name = "Mech2.Torso"
bone_idx = 27

[node name="Mech2_Thigh_R" parent="Armature/Skeleton3D" index="26"]
transform = Transform3D(-0.829732, -1.41643, 0.343681, -0.103667, 2.3068, 0.692606, 0.548451, -1.70683, 0.650858, 1.56656, -1.07965, -1.99022)
bone_idx = 36

[node name="Mech1_Foot_L" parent="Armature/Skeleton3D" index="27"]
transform = Transform3D(0.956084, -0.22768, 0.287357, 0.125017, 3.12464, -0.177936, -0.265092, 0.652422, 0.952471, 2.4522, -14.725, -0.833508)
bone_name = "Mech1.Foot_R"
bone_idx = 31

[node name="Mech2_Foot_L" parent="Armature/Skeleton3D" index="28"]
transform = Transform3D(1, 5.21541e-08, -1.15358e-07, 1.04308e-07, 1, 1.10813e-07, 1.1223e-07, -1.19428e-07, 1, -4.00543e-05, -13.8038, 3.37937)
bone_idx = 41

[node name="Mech1_Legs_L" parent="Armature/Skeleton3D" index="29"]
transform = Transform3D(0.956084, -0.119136, 0.267786, 0.125017, 0.992143, -0.00495416, -0.265092, 0.0382146, 0.963466, 6.77841, -13.5507, 5.45811)
bone_name = "Mech2.Foot_R"
bone_idx = 32

[node name="Mech2_Legs_L" parent="Armature/Skeleton3D" index="30"]
transform = Transform3D(1, 2.5332e-07, -3.72529e-08, 7.31088e-08, 3.15215, -0.174375, 1.67638e-08, 0.552137, 0.995504, 0.0683038, 1.4794, 0.280639)
bone_idx = 43

[node name="Mech1_Thigh_L" parent="Armature/Skeleton3D" index="31"]
transform = Transform3D(0.968401, -0.0529647, 0.251502, 0.102461, 2.99566, -0.340058, -0.227379, 1.12433, 0.917901, 4.72237, 1.57707, 4.31666)
bone_name = "Mech1.Legs_R"
bone_idx = 33

[node name="Mech2_Thigh_L" parent="Armature/Skeleton3D" index="32"]
transform = Transform3D(-1, 3.51349e-07, -1.86773e-08, -7.45062e-08, 3.19004, -0.0802252, -1.24112e-08, 0.254024, 1.00747, 0.0232557, 1.10086, 0.483985)
bone_idx = 45
